510 1360 170 1530  0 170 170 340 170 850 340 510 1530 340 170
765 2040 255 2295  0 255 255 510 255 1275 510 765 2295 510 255
510 1360 170 1530  0 170 170 340 170 850 340 510 1530 340 170
765 2040 255 2295  0 255 255 510 255 1275 510 765 2295 510 255
540 1440 180 1620  0 180 180 360 180 900 360 540 1620 360 180
759 2024 253 2277  0 253 253 506 253 1265 506 759 2277 506 253
540 1440 180 1620  0 180 180 360 180 900 360 540 1620 360 180
765 2040 255 2295  0 255 255 510 255 1275 510 765 2295 510 255
765 2040 255 2295  0 255 255 510 255 1275 510 765 2295 510 255
765 2040 255 2295  0 255 255 510 255 1275 510 765 2295 510 255
765 2040 255 2295  0 255 255 510 255 1275 510 765 2295 510 255
765 2040 255 2295  0 255 255 510 255 1275 510 765 2295 510 255
765 2040 255 2295  0 255 255 510 255 1275 510 765 2295 510 255
765 2040 255 2295  0 255 255 510 255 1275 510 765 2295 510 255
765 2040 255 2295  0 255 255 510 255 1275 510 765 2295 510 255
