2 8 8 9 10 0 89 8 1 22 2 2 4 2 3
3 8 81 9 0 10 9 8 51 2 2 23 4 42 3
2 8 8 9 10 0 89 8 1 22 2 2 4 2 3
3 8 81 9 0 10 9 8 51 2 2 23 4 42 3
2 8 8 9 10 10 9 81 11 15 5 2 3 2 5
3 8 81 9 0 10 9 8 51 2 2 23 4 42 1
2 8 8 9 10 10 9 81 11 15 5 2 3 2 5
3 8 81 9 0 10 9 8 51 2 2 23 4 42 3
3 8 81 9 0 10 9 8 51 2 2 23 4 42 3
3 8 81 9 0 10 9 8 51 2 2 23 4 42 3
3 8 81 9 0 10 9 8 51 2 2 23 4 42 3
3 8 81 9 0 10 9 8 51 2 2 23 4 42 3
3 8 81 9 0 10 9 8 51 2 2 23 4 42 3
3 8 81 9 0 10 9 8 51 2 2 23 4 42 3
3 8 81 9 0 10 9 8 51 2 2 23 4 42 3